1024
300 401
300 169
301 254
301 193
301 170
301 989
302 974
302 739
303 156
303 983
303 969
303 756
303 702
304 693
304 505
305 931
306 462
306 445
306 931
307 416
307 178
307 702
308 509
309 424
309 961
310 488
310 691
311 471
311 938
311 682
312 247
312 231
312 224
312 718
313 442
313 754
313 741
314 148
315 202
315 1008
315 925
315 900
315 761
315 663
315 640
316 469
316 980
317 493
317 390
317 754
318 979
318 662
319 467
319 254
319 976
319 910
320 186
320 678
321 415
321 147
321 1013
322 973
323 477
323 400
323 140
324 139
324 654
325 489
325 483
325 697
326 222
326 208
326 937
327 423
327 956
328 967
328 711
329 480
329 236
329 686
330 231
330 925
331 499
331 496
331 479
331 955
331 712
332 475
332 453
332 412
332 695
332 681
332 510
332 505
333 413
334 950
334 940
334 510
335 1001
335 941
337 915
338 403
338 389
338 657
339 971
339 922
339 647
340 488
340 407
340 158
340 666
341 499
341 492
341 395
341 139
341 1011
341 662
342 191
342 137
344 473
344 747
344 723
345 434
345 1001
346 929
346 707
347 490
347 964
347 690
348 938
349 453
349 746
350 466
350 197
350 971
350 758
350 641
351 995
352 664
354 235
354 215
355 497
355 140
355 751
355 688
356 469
356 453
356 191
356 747
356 731
357 212
357 1007
357 896
357 749
357 705
357 678
358 497
358 432
358 642
359 452
359 405
359 222
359 146
359 1003
359 966
359 665
360 170
360 959
360 751
360 698
360 689
361 407
361 158
361 995
361 968
361 503
362 488
362 446
362 1022
363 997
364 193
364 947
364 681
365 161
366 236
366 159
367 146
367 757
367 670
367 641
369 494
369 203
369 936
369 676
370 498
370 985
370 751
371 236
371 130
371 1020
372 411
372 138
372 929
373 475
373 148
373 984
373 953
373 687
374 920
374 744
374 709
375 151
375 744
376 705
377 438
378 936
379 695
380 459
380 951
381 175
381 702
381 699
382 418
382 206
382 194
382 946
382 919
383 921
383 675
384 249
384 986
385 438
385 1003
386 174
386 970
386 703
387 194
387 941
387 898
387 753
388 130
388 1001
388 656
389 439
389 395
389 169
389 139
389 1006
389 912
389 707
390 240
390 1005
391 446
391 211
391 737
392 458
392 244
393 750
394 422
394 172
394 727
394 687
394 681
394 671
395 224
396 215
396 174
397 488
398 978
400 422
400 173
400 751
400 700
401 492
401 454
401 135
402 954
402 758
403 255
403 151
403 128
403 939
403 696
404 480
404 416
404 923
405 420
405 745
405 662
406 717
407 718
407 684
407 678
408 421
408 384
408 247
408 671
409 216
409 211
409 170
409 657
409 656
410 494
410 132
410 740
410 656
411 494
411 487
411 224
411 191
412 387
412 211
412 986
412 985
413 448
413 931
414 188
415 411
415 162
415 918
415 669
416 411
416 232
416 706
416 704
416 643
417 196
417 967
417 945
417 910
417 699
418 428
419 415
419 739
419 687
420 188
420 129
420 717
421 446
421 400
421 189
421 136
421 660
421 505
422 498
422 1002
422 719
423 723
424 474
424 394
424 975
425 468
425 731
426 410
426 172
426 1007
427 477
427 398
427 178
427 169
427 1013
427 1007
428 498
428 209
428 507
429 196
429 940
429 718
430 441
430 237
430 656
430 507
431 182
431 130
431 1010
431 995
431 738
431 717
432 396
432 996
432 648
432 506
433 491
433 255
433 142
433 727
433 652
434 451
434 243
434 237
434 210
435 1002
435 702
436 449
436 409
436 981
436 685
437 476
437 429
437 1011
437 990
437 751
437 721
437 714
437 698
437 645
438 478
438 169
438 714
438 683
439 460
439 423
439 911
440 443
441 149
442 504
443 693
443 680
444 188
444 899
444 735
445 213
445 209
445 753
445 644
446 436
446 240
446 225
446 129
446 917
447 438
447 397
447 138
448 984
449 682
450 497
450 710
451 183
451 676
451 660
452 441
452 240
452 221
452 136
452 990
452 935
452 663
453 924
453 654
454 697
455 226
455 987
455 640
456 449
458 916
459 136
459 646
460 179
460 995
460 943
460 899
460 758
460 738
461 477
461 241
463 480
463 695
464 473
464 147
465 401
465 998
466 458
466 404
466 731
467 460
467 407
467 209
467 201
467 179
468 1003
468 693
469 493
469 240
469 222
470 1009
470 902
470 662
472 458
472 386
472 949
473 412
473 161
473 973
473 936
473 692
474 494
474 171
474 135
474 745
474 728
474 696
475 405
475 253
475 185
475 676
476 397
476 135
476 964
477 239
477 687
478 436
478 148
478 708
479 217
479 978
479 708
480 505
481 132
482 463
482 419
482 403
482 1018
482 705
483 454
483 715
483 706
484 395
484 230
484 206
484 984
484 954
485 498
485 394
486 137
486 913
486 740
487 475
487 461
487 458
487 909
487 656
488 985
489 393
489 139
489 997
489 760
490 985
490 732
491 189
491 907
491 690
491 650
492 434
492 920
493 406
493 210
493 986
494 240
494 161
495 938
496 152
496 925
496 640
498 436
498 223
498 177
498 968
498 958
498 763
498 660
498 646
499 233
499 928
499 910
499 727
500 255
500 176
500 148
500 733
500 721
502 1015
502 987
502 689
503 465
504 168
504 502
505 219
505 1014
506 248
506 212
506 971
506 936
507 425
507 416
507 391
507 178
508 474
508 999
508 995
509 989
509 912
509 737
510 441
510 431
510 252
510 146
510 145
510 707
511 148
511 943
511 704
512 990
512 766
512 676
512 671
513 975
513 675
513 654
514 156
514 738
514 503
515 407
515 213
515 733
516 154
516 130
516 1014
517 495
517 475
517 159
518 932
518 921
518 707
518 661
519 183
519 927
519 672
520 414
520 240
520 1011
520 501
521 474
522 759
522 719
522 679
524 1022
524 941
524 898
525 207
525 189
526 176
526 171
526 978
526 942
527 458
527 149
527 980
527 965
527 741
527 670
528 907
528 755
528 653
529 406
529 170
529 158
529 1023
529 950
529 648
530 420
530 1019
530 919
530 501
531 455
531 1007
532 187
532 993
532 733
533 221
533 693
534 406
534 647
535 469
536 465
536 248
536 932
537 712
538 955
538 749
538 732
538 647
539 426
539 400
539 931
539 915
540 161
540 711
541 482
541 463
541 461
541 896
541 696
542 997
542 972
542 680
543 419
543 236
543 669
543 642
544 386
544 186
544 163
544 152
544 742
545 189
545 154
545 683
546 225
546 728
546 691
547 458
547 239
547 188
547 928
548 917
548 694
548 643
548 640
549 719
549 675
550 142
550 763
550 676
551 180
551 973
551 949
552 486
552 968
552 908
552 753
552 730
552 646
553 436
553 433
553 424
553 389
553 230
554 493
554 174
555 448
555 991
555 917
556 439
556 200
556 1022
556 1008
556 987
556 706
557 996
557 667
558 421
558 404
558 192
558 713
559 238
559 755
560 422
560 928
560 758
561 494
561 474
561 422
561 216
561 930
561 732
562 497
562 441
562 229
562 214
562 175
562 137
562 983
563 973
563 927
564 164
564 958
564 910
564 739
565 455
566 981
566 936
566 766
566 653
567 693
568 167
568 678
570 476
570 416
570 741
570 647
571 219
571 143
571 925
571 911
572 388
573 692
574 431
574 982
574 933
574 897
574 756
574 696
574 645
575 138
575 908
576 1003
576 1000
576 698
577 225
577 680
578 497
578 437
578 968
578 904
579 246
580 498
580 935
580 505
581 419
581 750
581 644
582 465
582 956
583 171
583 648
584 199
585 412
585 175
585 505
586 444
586 422
586 174
586 941
586 760
586 726
587 136
587 643
588 234
588 949
588 943
588 662
589 453
589 424
589 181
589 717
590 425
590 420
590 247
590 718
590 711
590 690
591 222
591 766
591 650
591 502
592 962
593 201
593 663
594 250
594 738
595 184
595 765
595 684
596 243
596 968
596 951
597 471
597 167
597 721
597 674
598 964
599 473
599 439
599 910
599 666
600 416
600 927
600 740
601 915
601 704
602 235
602 138
602 933
602 739
602 709
603 431
603 188
603 177
603 172
603 663
604 217
604 147
604 143
604 720
605 183
605 511
606 211
606 948
606 920
606 675
607 405
607 200
607 142
608 179
608 130
609 207
609 180
609 983
610 414
610 152
610 978
611 439
611 238
611 211
611 162
611 989
611 704
612 404
612 169
612 992
612 676
612 511
613 460
613 243
613 240
614 481
614 965
615 384
615 216
615 210
615 982
615 971
615 732
616 759
617 487
617 400
617 221
617 677
617 503
618 475
618 457
618 1006
618 688
619 440
620 970
620 713
621 255
621 178
622 980
623 422
623 935
623 696
624 489
624 173
625 491
625 187
626 434
626 402
626 233
626 688
626 662
627 244
627 927
627 670
628 247
628 205
628 993
628 641
629 460
629 167
629 1010
629 753
630 475
630 933
631 448
631 914
631 904
631 767
632 990
632 982
632 942
632 762
633 428
633 422
633 419
633 407
633 205
633 920
633 511
634 497
634 487
634 387
634 192
634 130
634 898
634 752
635 448
635 407
635 1010
635 707
636 442
636 180
636 1000
636 699
636 659
637 400
637 205
637 950
637 700
638 663
639 173
639 983
639 720
639 702
640 446
640 432
640 431
640 937
641 136
642 437
642 177
643 239
644 488
644 190
644 956
645 492
645 172
645 149
645 951
645 679
646 236
646 510
647 757
648 253
648 249
648 977
648 961
649 237
650 649
651 173
651 978
652 224
652 996
652 932
652 738
652 690
653 410
653 196
653 155
653 139
653 976
654 508
655 413
655 387
655 225
655 215
655 205
655 143
655 128
656 183
656 154
656 130
657 475
657 251
657 242
657 180
657 758
657 693
658 405
658 144
658 710
658 509
659 213
660 218
660 749
660 641
661 239
661 180
661 1020
661 682
662 173
662 729
662 701
663 185
664 458
664 186
664 944
664 690
665 208
666 138
666 667
667 402
667 135
667 967
667 932
667 692
668 727
668 694
669 470
669 220
669 202
669 138
669 1021
669 957
669 765
671 462
671 448
671 172
671 910
671 658
672 394
672 673
673 996
673 934
673 704
674 477
674 411
674 186
675 388
675 242
675 224
675 130
676 161
676 139
676 129
676 1018
678 158
678 1010
678 908
680 153
680 129
681 480
681 143
681 1023
681 909
682 250
682 197
682 954
682 906
683 234
683 156
683 140
683 956
684 250
684 134
684 1009
684 731
685 214
685 985
685 900
685 648
686 144
686 993
686 766
688 440
688 222
688 153
688 668
689 415
689 250
689 239
689 236
689 230
689 739
690 251
690 194
690 749
691 431
691 142
691 1007
691 977
692 450
692 440
692 433
692 424
692 414
692 386
692 1001
692 734
692 696
693 493
693 219
693 146
693 642
693 504
694 492
694 167
694 945
694 903
694 727
695 206
695 739
696 168
696 1005
697 133
697 994
697 739
698 476
698 646
699 494
699 701
700 469
700 423
700 390
700 199
700 193
700 179
700 1002
701 206
701 982
702 492
702 761
703 180
703 993
704 495
704 212
704 661
705 471
705 447
705 413
705 684
706 202
706 177
706 666
707 488
707 411
707 671
707 653
708 472
708 204
708 203
709 922
710 697
711 465
711 667
712 469
712 233
712 154
713 159
713 957
713 904
713 682
714 153
714 908
714 677
714 649
715 243
715 976
716 140
717 166
718 408
719 187
719 998
719 992
719 737
719 679
719 659
720 158
720 640
721 933
722 485
722 198
722 158
722 918
722 712
722 690
723 463
723 442
723 187
723 153
724 445
724 1023
725 454
726 478
726 440
726 1014
726 929
726 663
726 509
728 763
729 413
729 231
730 922
731 900
731 683
732 474
732 385
732 131
732 994
732 967
733 426
733 425
733 666
734 439
734 158
734 1006
734 698
734 671
735 489
735 452
735 384
735 982
735 696
736 405
736 944
736 757
736 696
737 443
737 244
737 975
738 449
738 247
738 142
738 927
738 672
739 499
739 464
739 460
739 207
739 918
740 433
740 248
740 191
741 399
741 966
741 757
741 746
742 457
742 442
742 410
742 208
742 177
742 1003
742 897
742 745
743 139
743 128
743 1011
743 958
744 447
745 951
745 907
745 652
746 385
746 205
746 198
746 140
746 1010
746 991
747 237
747 137
748 499
748 176
748 903
748 717
749 1006
749 991
749 908
749 714
749 511
750 442
750 203
750 192
750 916
750 686
750 674
750 502
751 177
751 511
752 177
752 941
753 224
754 439
754 140
755 196
755 683
756 415
756 401
756 246
756 201
756 651
757 205
758 420
759 248
759 215
760 403
760 169
760 668
760 508
761 203
761 198
761 745
762 228
762 218
762 914
762 763
763 992
763 949
763 689
764 488
764 1023
764 669
765 386
765 745
765 645
766 481
766 405
766 243
766 942
766 649
767 468
767 458
767 430
767 133
767 960
767 765
767 738
768 210
769 391
769 195
769 191
769 148
769 762
770 434
770 216
770 936
770 909
771 230
771 766
771 749
772 183
772 165
772 154
772 748
773 457
773 734
773 676
773 667
774 223
774 150
774 657
776 905
777 500
777 185
778 696
779 185
779 737
780 490
781 459
781 1005
781 702
781 674
782 445
782 444
782 436
783 435
783 401
783 974
783 664
784 242
785 193
785 756
785 691
786 404
786 1012
786 1004
788 482
788 431
788 176
788 1011
788 914
788 735
789 476
789 666
790 1019
791 133
791 1020
791 933
791 745
791 670
792 479
792 230
792 157
793 176
793 916
793 735
794 683
794 652
795 488
795 423
795 203
795 155
796 474
796 912
796 763
796 723
797 406
797 149
798 476
798 131
798 1007
798 974
798 737
798 714
798 692
798 680
798 503
799 694
800 945
801 482
801 465
801 444
801 923
801 901
802 470
802 178
802 989
802 667
803 216
803 677
804 221
804 145
804 983
804 932
805 459
805 214
805 927
805 707
805 689
805 685
807 437
807 384
807 994
807 918
807 703
808 387
808 701
808 688
809 205
810 475
810 385
810 165
810 163
810 640
811 497
811 444
811 751
812 673
813 483
813 403
813 206
813 909
813 907
814 477
814 440
814 417
814 239
814 969
814 918
814 673
815 458
815 238
815 1010
815 977
815 698
816 454
816 233
816 138
816 1002
816 961
816 903
816 719
817 227
817 1007
817 761
817 692
818 452
818 214
818 972
818 662
819 678
819 653
820 192
820 925
820 919
821 970
822 207
822 148
822 933
822 723
823 390
823 187
823 144
823 141
825 464
825 178
825 972
825 708
826 460
826 443
826 197
827 388
828 228
828 168
829 210
829 909
830 448
830 239
830 212
830 923
830 675
831 226
831 922
831 683
831 506
832 175
832 157
833 914
833 510
835 422
835 242
836 185
836 1015
836 701
837 726
837 725
837 705
838 485
838 216
838 907
839 406
839 748
840 428
840 923
840 700
840 506
841 385
841 1001
841 910
842 489
842 395
842 203
842 191
842 128
842 975
843 181
844 471
844 459
844 215
844 209
844 762
845 177
845 128
845 1022
845 908
846 170
846 1000
846 759
846 651
847 500
847 180
847 983
847 946
847 698
847 654
849 933
850 451
850 201
850 181
851 488
851 428
851 700
852 187
852 923
853 988
854 255
854 157
854 509
855 431
855 159
856 157
857 484
857 189
857 908
857 681
858 480
858 253
858 192
858 143
858 761
859 221
860 483
860 467
860 1005
860 699
860 671
861 408
861 996
861 973
861 965
862 213
862 210
863 236
863 935
864 426
864 171
864 910
864 720
865 490
865 480
865 213
866 470
866 439
866 960
866 685
867 457
867 207
867 191
867 128
867 751
867 640
868 410
868 251
868 920
868 899
868 701
868 694
869 213
869 1023
870 434
870 956
871 975
872 221
872 135
872 914
872 740
873 910
873 764
873 655
873 642
874 434
874 163
874 153
874 148
874 1010
874 741
874 646
875 498
875 244
875 918
875 667
878 415
879 499
879 169
880 489
880 438
880 151
880 941
880 747
881 952
881 649
882 452
882 385
883 387
883 215
883 132
883 948
884 963
885 439
885 175
885 1000
886 480
886 474
886 393
886 987
886 711
887 469
887 164
887 931
888 1023
888 695
888 665
889 484
889 218
889 203
889 995
889 990
889 942
889 730
889 654
890 449
890 421
890 650
890 644
891 500
891 988
891 924
892 960
892 916
894 429
894 758
894 666
895 419
895 407
895 1022
895 760
896 966
896 734
897 913
897 648
898 728
899 188
899 965
900 214
900 979
901 717
901 684
902 195
902 661
902 645
902 507
902 502
903 192
903 985
903 943
903 751
903 702
903 642
904 1003
904 765
904 718
905 740
906 487
906 753
906 683
907 188
908 490
908 199
908 946
908 908
908 900
908 721
908 505
909 943
910 979
910 643
911 184
912 385
912 255
912 200
912 998
912 661
913 443
913 204
913 920
913 906
913 743
914 390
915 404
915 945
915 940
916 129
916 705
916 654
917 201
917 973
917 970
917 921
917 675
918 442
921 463
921 146
921 998
923 162
923 509
924 438
924 419
924 1013
924 981
925 486
925 1022
925 903
925 741
926 468
927 402
927 939
928 498
928 219
928 714
929 415
929 897
930 425
931 216
931 689
933 1008
934 458
934 200
934 190
934 994
934 940
935 245
935 235
935 929
936 483
936 196
936 192
936 985
936 971
937 242
937 234
937 704
938 142
938 917
938 760
939 216
939 696
939 691
939 659
939 654
939 649
940 401
940 916
941 252
941 212
944 434
944 246
944 129
944 937
944 733
945 491
945 436
946 751
947 196
947 170
947 149
947 968
947 738
947 727
947 709
948 135
948 657
949 495
949 749
950 227
950 155
950 747
950 717
951 500
951 230
951 213
952 750
953 996
953 926
954 147
954 948
955 495
955 162
955 715
956 961
956 759
957 496
957 177
958 435
958 162
958 928
958 748
959 418
959 417
959 976
960 444
960 442
960 188
960 729
960 688
961 129
962 1012
962 938
963 227
963 156
963 750
963 700
964 999
965 392
965 198
965 662
966 996
966 664
967 154
967 150
967 1018
967 984
967 947
968 992
968 953
968 927
968 675
968 509
969 474
969 451
969 248
969 177
969 163
969 742
969 674
970 498
970 180
970 139
970 971
970 965
970 962
970 920
971 412
971 192
972 946
973 397
973 394
973 133
974 186
974 722
975 1022
975 722
976 410
976 214
976 725
977 402
977 233
977 181
977 1006
977 909
977 755
978 146
978 973
979 251
979 176
979 977
980 413
980 946
980 664
981 910
982 456
982 445
982 702
983 481
983 1007
983 985
983 756
984 432
984 394
984 147
984 1022
984 738
984 652
985 471
985 742
986 174
986 737
987 224
987 220
987 758
988 478
988 970
989 928
989 753
989 706
990 242
990 149
990 1016
990 645
991 667
992 152
992 141
992 983
992 965
993 451
993 148
993 652
993 649
994 412
994 134
994 898
994 692
995 414
995 756
995 647
996 433
996 670
997 191
997 134
997 969
997 928
997 755
997 502
998 471
998 420
998 415
998 251
999 942
999 926
1000 450
1000 162
1000 148
1001 246
1001 159
1001 154
1001 994
1002 693
1003 465
1003 230
1004 458
1005 484
1005 390
1005 153
1005 984
1005 947
1006 386
1007 239
1007 508
1008 495
1008 471
1008 981
1008 912
1009 133
1009 900
1009 724
1009 700
1009 647
1010 491
1010 934
1010 693
1011 414
1011 221
1011 673
1011 642
1012 496
1012 448
1012 1004
1013 225
1013 953
1013 902
1013 506
1014 451
1014 198
1014 1010
1014 945
1015 222
1015 149
1015 133
1015 960
1015 899
1015 896
1016 157
1017 248
1017 972
1017 508
1018 655
1019 417
1019 1019
1019 951
1019 698
1020 999
1020 912
1021 492
1021 413
1023 221
1023 178
0 171
0 142
1 406
1 401
1 389
1 214
1 158
1 973
1 908
1 511
2 461
2 441
2 1012
2 917
3 426
3 237
3 160
3 977
3 721
4 149
4 935
5 444
5 222
5 199
5 980
6 906
6 750
7 434
7 900
8 941
8 671
8 661
9 452
9 200
10 197
10 503
11 227
11 978
11 695
12 695
13 444
13 251
13 204
13 142
13 967
13 951
14 386
14 904
15 484
15 912
15 716
16 250
16 210
16 181
16 991
16 983
17 401
17 159
17 1015
17 975
18 923
19 967
19 766
20 203
20 979
20 978
20 968
21 704
22 194
22 173
22 707
22 691
22 684
22 662
23 404
23 233
23 1003
23 916
24 436
24 429
24 418
24 253
24 990
24 642
25 1005
25 947
26 412
26 178
26 154
26 997
26 742
27 228
28 492
28 941
28 655
30 255
30 237
30 981
31 903
31 697
33 254
33 235
33 1011
33 918
33 706
34 409
34 252
34 762
35 459
35 135
35 745
36 229
36 143
36 1005
36 972
36 968
36 640
37 449
37 412
37 171
37 908
38 174
38 151
38 959
39 390
39 150
39 958
39 742
40 926
40 736
40 710
41 187
41 979
41 961
41 959
42 448
43 152
45 238
46 165
46 941
46 738
46 685
46 673
47 419
47 408
47 728
48 442
48 255
48 157
48 901
48 734
48 702
49 386
49 968
50 474
50 156
50 736
51 493
51 951
51 922
52 211
52 993
53 500
53 427
53 507
54 462
54 963
54 761
55 472
55 685
55 501
56 210
56 176
57 1008
57 691
58 212
58 902
58 900
58 712
58 670
59 433
59 208
59 763
60 397
60 236
60 221
60 985
61 405
61 185
61 147
62 221
62 161
62 939
63 704
63 667
64 422
64 173
64 1010
64 925
65 224
65 649
66 495
66 148
66 717
67 1015
67 993
67 762
67 703
67 687
68 1000
68 902
68 760
68 750
68 734
68 505
69 138
69 1020
69 933
69 710
70 902
71 726
72 400
72 388
72 194
72 986
73 463
73 752
74 236
74 187
74 964
74 957
74 951
74 928
75 757
76 999
76 978
77 482
77 429
77 160
77 937
77 722
78 476
79 466
79 149
79 992
79 676
80 427
80 946
81 500
81 473
81 255
81 162
81 1021
81 1001
81 940
81 701
82 391
82 897
83 187
83 683
84 422
84 209
84 158
84 1016
84 927
84 657
85 461
85 446
86 475
87 394
88 227
88 933
88 763
88 745
88 686
88 654
90 236
90 689
91 144
91 952
92 1000
92 682
93 1015
93 995
94 467
94 415
94 396
94 212
94 712
95 444
95 248
95 925
95 897
96 203
96 960
96 930
96 696
97 445
97 427
97 245
97 1021
97 684
98 472
98 1013
98 683
99 151
99 999
99 936
99 757
100 168
101 204
101 1018
102 424
102 961
102 732
103 234
103 668
104 393
104 989
104 929
105 392
105 243
106 681
107 140
107 970
107 762
107 501
108 473
108 389
108 240
108 908
108 709
109 643
110 423
110 387
110 963
111 406
111 948
112 466
112 990
112 651
113 179
113 151
113 1015
114 150
114 132
114 938
115 404
115 245
115 705
116 212
116 193
116 985
116 705
117 173
117 939
117 911
117 676
118 1011
119 499
119 393
119 391
119 216
119 964
119 923
119 748
120 419
120 177
120 1008
121 209
121 746
121 744
122 898
123 470
123 417
123 1021
123 924
124 400
124 395
124 933
124 916
124 706
125 229
125 995
125 984
125 501
126 234
126 974
126 683
127 460
127 185
127 510
128 465
128 448
128 236
128 214
128 175
129 161
130 239
130 235
130 974
131 650
132 414
132 405
132 755
133 439
133 994
133 753
134 490
134 970
134 958
134 913
135 489
135 485
135 443
135 152
135 992
135 975
135 714
135 683
136 243
136 199
137 167
137 978
137 974
137 724
137 505
138 766
138 643
139 211
139 128
139 932
139 667
140 397
140 396
140 222
140 998
140 900
140 645
141 914
141 756
141 720
142 396
142 226
142 738
142 673
142 660
143 925
143 921
143 664
144 176
144 677
145 200
145 644
146 247
146 655
147 448
147 1005
147 766
148 249
149 463
149 431
149 1009
149 928
150 172
150 961
150 959
151 478
151 977
151 898
151 684
151 670
152 953
152 764
153 432
153 394
153 720
154 468
154 203
155 700
156 433
156 184
156 171
156 142
156 674
157 144
157 717
158 499
158 969
158 679
159 419
159 702
159 679
160 198
160 165
160 688
161 164
161 987
161 969
162 204
162 644
163 492
163 474
163 430
163 238
163 236
163 191
163 137
164 488
165 486
165 406
166 400
166 1005
166 912
166 651
167 183
168 150
168 133
170 980
170 951
170 721
171 230
171 173
172 420
172 137
172 952
173 244
174 194
175 386
175 187
175 993
176 482
177 468
178 456
178 702
179 488
179 174
179 730
180 899
180 675
181 428
181 419
181 1012
181 987
181 972
181 678
182 205
182 1011
182 989
183 468
183 904
184 680
185 494
185 747
186 462
186 944
186 939
186 923
187 488
187 398
187 248
187 233
187 906
187 765
187 722
187 510
188 452
188 422
188 252
188 140
189 460
189 417
189 175
189 749
189 680
190 496
190 494
190 401
190 148
190 144
194 183
194 148
194 984
194 511
195 968
195 759
195 675
196 493
196 391
196 930
196 691
197 424
198 477
198 181
198 508
199 467
199 740
200 151
200 760
200 753
201 922
202 153
203 501
204 469
204 430
204 409
205 406
205 241
205 198
205 942
205 699
205 509
206 975
207 244
207 937
208 645
208 641
208 503
209 252
209 174
209 981
210 408
210 133
210 998
210 704
211 739
212 482
213 668
213 664
214 238
214 183
214 986
214 688
215 968
215 677
216 418
216 134
216 741
216 685
216 671
217 175
217 725
217 679
217 661
217 657
218 466
218 462
219 999
219 921
219 752
219 672
220 913
221 914
222 396
222 690
222 685
222 648
223 445
223 925
224 404
224 246
224 192
225 193
225 170
226 240
227 205
227 199
227 927
228 473
228 183
228 173
228 511
229 191
229 504
230 196
230 698
230 675
231 427
231 174
231 732
232 473
232 212
232 130
232 995
232 729
232 661
233 673
233 650
233 643
234 452
234 254
235 129
235 917
235 743
235 734
235 731
236 413
236 931
236 706
237 1023
237 977
237 734
238 170
238 1002
239 185
239 975
239 969
239 683
241 492
241 436
241 179
241 951
242 385
242 221
242 766
242 732
243 1011
243 728
244 486
245 965
245 699
245 697
246 389
246 192
247 955
248 410
248 164
249 726
250 679
251 422
251 402
251 980
251 926
251 762
252 941
252 929
252 679
253 459
253 129
253 930
253 925
253 677
253 674
253 661
253 651
254 1010
254 996
254 972
254 963
255 130
255 983
255 932
255 729
258 154
258 993
258 987
258 724
259 450
261 444
261 185
261 927
261 919
262 229
263 464
263 429
263 222
263 150
263 658
264 1001
264 946
264 727
264 703
264 698
265 476
265 171
265 995
265 962
265 937
265 716
266 993
266 710
267 228
267 145
268 415
268 240
268 154
269 472
269 211
269 194
269 168
269 978
269 945
269 935
269 711
270 452
270 664
271 430
271 1011
272 429
272 152
272 936
272 728
273 976
273 913
273 692
274 129
274 979
274 976
274 749
275 484
275 193
275 176
275 654
276 444
276 425
276 200
276 955
276 940
276 740
277 457
277 386
277 226
277 665
278 493
278 439
278 910
278 764
278 667
279 996
280 481
280 458
280 141
281 175
282 1006
282 951
282 923
282 656
283 441
283 1018
283 700
284 488
284 389
284 912
285 987
285 908
285 724
285 682
286 165
286 998
286 926
286 685
287 199
287 193
288 483
288 409
289 445
289 226
289 216
290 240
290 232
290 709
291 970
291 748
291 712
292 977
293 477
293 755
293 707
294 484
294 979
294 952
294 655
295 495
295 467
295 219
295 920
296 157
296 699
296 655
297 486
297 445
297 507
298 938
298 683
299 949
299 908
